4294967279,420
4294967279,402
4294967294,5
53,4
4,7
4,6
16,4
30,4
4294967279,88
4294967279,462
18,4
81,4
4294967279,438
49,5
4294967294,83
47,5
47,4
4294967294,1440
4294967279,397
42,2
42,4
42,5
78,13
78,12
78,11
78,10
78,9
78,8
78,7
78,6
78,5
78,4
4294967279,461
54,2
54,15
54,14
54,13
54,12
54,11
54,10
54,9
54,8
54,7
54,6
54,5
4294967279,274
4294967279,436
4294967279,286
4294967278,260
22,2
33,4
4294967279,265
22,4
4294967279,283
4294967279,263
4294967279,282
50,16
50,14
50,13
50,10
50,9
50,7
50,6
4294967279,460
4294967279,412
4294967279,419
50,5
26,2
4294967279,280
26,4
4294967279,278
4294967278,256
4294967278,0
4294967279,0
4294967279,174
4294967278,310
54,4
4294967278,308
7,4
15,4
61,4
4294967278,255
4294967278,374
4294967278,373
13,4
6,4
14,5
14,4
50,11
4294967278,305
4294967294,1441
73,2
4294967278,251
27,4
37,9
37,7
4294967278,250
4294967294,22
4294967278,232
4294967294,1427
4294967294,186
4294967294,81
4294967294,50
4294967294,1439
4294967294,8
4294967278,246
4294967294,1038
4294967278,244
4294967294,6
4294967278,241
4294967294,45
4294967294,1444
4294967294,44
4294967294,53
4294967294,29
4294967294,147
4294967294,1445
4294967294,27
4294967294,1
4294967294,90
4294967294,86
4294967294,1039
4294967294,46
4294967294,0
4294967294,1035
4294967278,239
4294967278,240
4294967278,238
4294967278,237
4294967294,94
4294967294,96
4294967278,229
83,8
4294967278,235
83,7
83,6
4294967278,233
83,5
83,4
4294967278,231
83,3
83,2
83,1
4294967278,230
0,7
4294967278,226
4294967278,223
4294967294,1430
34,6
34,2
4294967278,222
34,5
77,5
77,4
50,4
72,4
4294967278,132
4294967278,131
4294967278,130
4294967278,129
4294967278,128
4294967278,127
4294967278,126
4294967278,125
4294967278,124
4294967278,123
4294967278,122
4294967278,121
4294967278,120
4294967278,119
4294967278,118
4294967278,117
4294967278,116
4294967278,115
4294967278,114
4294967278,113
4294967278,112
4294967278,111
4294967278,110
4294967278,109
4294967278,108
4294967278,107
4294967278,106
4294967278,98
4294967278,369
4294967278,97
4294967278,368
4294967278,96
4294967278,95
4294967278,94
4294967278,93
4294967278,92
4294967278,91
4294967278,90
4294967278,89
4294967278,87
4294967278,349
4294967278,86
4294967278,348
4294967278,85
4294967278,347
4294967278,84
4294967278,83
4294967278,82
4294967278,81
4294967278,80
4294967278,79
4294967278,78
4294967278,77
4294967278,76
4294967278,75
4294967278,74
4294967278,73
4294967278,72
4294967278,71
4294967278,70
4294967278,69
4294967278,68
4294967278,67
4294967278,66
4294967278,65
4294967278,64
4294967278,63
4294967278,62
4294967279,300
4294967279,76
4294967279,71
4294967279,70
4294967279,68
4294967279,67
4294967279,64
4294967279,62
4294967279,61
4294967279,57
4294967279,54
4294967279,52
4294967279,51
4294967279,47
4294967279,44
4294967279,41
4294967279,38
4294967279,36
4294967279,33
4294967279,30
4294967279,27
4294967279,22
4294967279,20
4294967279,18
4294967279,15
4294967279,14
4294967279,13
4294967279,9
4294967279,8
4294967279,7
4294967279,6
4294967279,5
4294967279,4
4294967278,105
4294967278,220
4294967294,1437
4294967294,93
4294967294,95
4294967278,104
4294967278,218
4294967278,103
4294967278,396
4294967278,174
4294967294,1434
4294967278,216
50,12
50,8
50,2
50,15
4294967278,102
4294967278,371
4294967278,395
4294967278,346
4294967278,101
49,4
34,4
55,4
12,4
4294967279,459
4,5
4294967278,100
4294967278,370
73,4
4294967278,99
11,4
4294967278,323
4294967294,9
4294967278,302
4294967294,1426
4294967294,7
4294967294,17
4294967294,67
4294967294,99
4294967294,43
4294967294,484
4294967294,483
4294967294,25
4294967294,26
0,5
4294967294,1023
4294967294,1443
4294967294,1436
4294967278,394
82,8
82,7
82,6
82,5
82,4
82,2
82,1
4294967279,458
4294967279,457
4294967278,393
4294967278,392
4294967278,391
4294967279,415
4294967278,390
4294967278,389
4294967278,388
4294967279,456
4294967279,455
4294967278,387
4294967279,454
4294967278,386
4294967278,385
4294967278,384
4294967279,453
4294967278,350
4294967279,452
4294967279,451
4294967279,450
4294967278,282
4294967293,131
4294967293,130
4294967293,129
4294967293,128
4294967293,127
4294967293,126
4294967293,125
4294967293,124
4294967293,123
4294967293,122
4294967293,121
4294967293,120
4294967293,119
4294967293,118
4294967293,117
4294967293,116
4294967293,115
4294967293,114
4294967293,113
4294967293,112
4294967293,111
4294967293,110
